time,x,y,z,phi,theta,psi,x_velocity,y_velocity,z_velocity,phi_velocity,theta_velocity,psi_velocity,rotor_speed1,rotor_speed2,rotor_speed3,rotor_speed4
0.06,5.053993571797758e-08,6.782862302124018e-07,10.00356050041233,0.0005301927380783056,6.283111236405841,0.0,5.437330651997406e-06,5.474657740419368e-05,0.11867762609558194,0.022348055184382987,-0.0038257113051859293,0.0,442.68876216416504,442.3739356556247,442.1219165683737,443.958959817703
0.12000000000000001,2.731408870573608e-06,1.9956843141756747e-05,10.013039194020276,0.0013347297776400424,6.282851523148487,0.0,0.00010808375361526782,0.0007073725379405104,0.19726776464073267,-0.018109441707111852,-0.005353750177961233,0.0,430.11913323716425,429.9898069993546,431.8077544313012,428.3818313339424
0.18,1.7991242120480773e-05,8.733334999204026e-05,10.029280763130217,0.00012976253674068516,6.282318321196421,0.0,0.0004458531292167361,0.0014140010697448436,0.34408448685988696,-0.02435408083906101,-0.01710306658816709,0.0,451.4628366151555,450.5141090409705,452.398762149281,451.8957849454498
0.23999999999999996,6.847998742301958e-05,0.0001688577401109957,10.05585322548013,6.281859542654045,6.282048470086448,0.0,0.0013036381095231167,0.0011336621424270909,0.5415908752250287,-0.024068892348741502,0.013108169510029303,0.0,465.96716429380825,468.3226251001577,466.776603253334,466.79880702301455
0.3,0.00016938383923533192,0.00020066816288443016,10.09357566610266,6.2806393053909595,6.282833289693119,0.0,0.0019709639336718044,-0.00022268295684440745,0.7157303432083673,-0.013760259337359491,0.013024584408828695,0.0,460.685628632191,460.6788960105785,459.2157096021514,460.0326031498174
0.36000000000000004,0.0002915962800210498,0.00013548663084109088,10.138059202568922,6.279802153572479,2.6027662733518753e-05,0.0,0.002042617788847698,-0.0020287514351154563,0.767020634665273,-0.014339858023742358,-0.012633929574184835,0.0,422.77960052065083,420.5633152832411,421.75571384286326,421.7057590459459
0.4200000000000001,0.0004161689668617966,-6.57322393263225e-05,10.18885316591492,6.2788974558048665,6.282882918385827,0.0,0.0021667598443174314,-0.0047758150147254146,0.9259954809712843,-0.016597589077719722,0.0059648657938008,0.0,455.77628641961513,457.26020954225436,455.26870803290416,455.08816027003434
0.48000000000000015,0.0005522415444754934,-0.000467868529921467,10.25260026586087,6.27789986254281,9.132325887861725e-05,0.0,0.0023209652253760823,-0.008754771152943486,1.1986619228961313,-0.016684545303304238,0.0077299562341184725,0.0,489.55315515276965,489.6843479533351,489.40244030588724,489.3960818988272
0.5400000000000001,0.0006879172240694389,-0.0011049691529041448,10.327306890480493,6.276943895725903,0.0004950576781714844,0.0,0.0021577125339579495,-0.012580092208315576,1.2914577874847346,-0.014470187215740296,0.004647568043031936,0.0,436.2963961723568,436.0388906016118,435.85481334327295,436.039908346162
0.6000000000000002,0.0008066776053818032,-0.0019857535451354305,10.406808953988614,6.276032508063091,0.0006880161304376742,0.0,0.0017779345613701165,-0.016865278971729278,1.3585328185106658,-0.016669240634787922,0.00018678117988004512,0.0,427.9116193261342,427.5316946080995,428.39198186055296,428.20506271988705
0.6600000000000003,0.0008981102880632029,-0.0031606973306296427,10.49289244107033,6.274593749031686,0.000502818641147762,0.0,0.001278429665907791,-0.02242430364255423,1.5107269604792652,-0.045545341858386997,-0.010604287563352563,0.0,455.7545106221145,454.8913454553013,455.7919915054321,453.4783827002442
0.7200000000000003,0.0009663752729218481,-0.004707214882374091,10.587992601391445,6.271406642894089,6.28293483472077,0.0,0.0010726365138900285,-0.02943906745693529,1.6590717545295317,-0.07597059131701776,-0.016773010828036686,0.0,453.7152653554789,453.2198996655234,456.1792200345636,453.7413187498814
0.7800000000000004,0.0010409119938655032,-0.006771281823182116,10.693458415679238,6.266734323806961,6.282044889492475,0.0,0.0015218237192510882,-0.03989603020658523,1.856149164623653,-0.08197257236335186,-0.01120933012212615,0.0,469.9334685214858,470.3646185757003,468.7592709156561,468.288164340417
0.8400000000000004,0.0011557648084465633,-0.009493518209296592,10.806124462429926,6.262377757529581,6.281782655510643,0.0,0.002347776564451055,-0.05127363314045342,1.8993067019410192,-0.05848812035148666,0.006649612035599717,0.0,420.94439849004414,422.48698357460125,421.1744110259668,423.19590799603355
0.9000000000000005,0.001323096842791207,-0.012999255403691895,10.922437443940606,6.259047020431909,6.281722148049941,0.0,0.0032051594739762965,-0.06591873310732796,1.9776523221295874,-0.05014318814471306,-0.024315962149175557,0.0,435.14704514391855,432.5472834211427,432.949250727991,433.64856233934273
0.9600000000000005,0.001550651696362549,-0.017455692422399544,11.043730712983066,6.2558984926455,6.279950525028626,0.0,0.004538719019193488,-0.08293328116292631,2.065293399446917,-0.05760171539544015,-0.0427915725994281,0.0,436.88552274961205,435.3420614947214,437.9060687359075,437.28337271111525
1.0200000000000005,0.0019060549065699958,-0.023056437704250872,11.172352958157626,6.252379125345609,6.277244233623081,0.0,0.007597543328495894,-0.10413489200992225,2.2218105029852655,-0.060852044390949815,-0.05018548627746164,0.0,459.0814493696694,458.49329772904497,458.6000561110163,458.33953282478876
1.0800000000000005,0.0024904906322724854,-0.029927466289758002,11.307780420300581,6.248634216380832,6.273849183694441,0.0,0.012190885110002238,-0.1252558667147912,2.292284133350355,-0.06573884639147305,-0.07416749209334149,0.0,434.7680455514271,432.7516425015289,431.2125969575681,430.7966448697003
1.1400000000000006,0.003460364910168257,-0.038270443182829,11.451102692836278,6.244542665896773,6.269224571858775,0.0,0.020658361393537446,-0.1532933098562017,2.484702290693018,-0.07361394911765494,-0.08363952444851329,0.0,470.2696205246621,469.53097862079346,471.13675276922044,470.5242620451512
1.2000000000000006,0.005072005578039973,-0.048453046795570914,11.607499322406053,6.240783303595505,6.264185590370934,0.0,0.0336745315588527,-0.18660105916216604,2.7279379858764243,-0.04675877467544228,-0.08467857283732094,0.0,486.83884294717654,486.75599826060244,484.2953386147031,486.308281822907
1.2600000000000007,0.0075294160033587965,-0.06058972168668236,11.775412375265427,6.237658152964421,6.25919566334073,0.0,0.04877643989190806,-0.2182569541844056,2.8687918118571045,-0.06573646733627629,-0.08030080353049922,0.0,456.0690379795666,456.41310932780107,458.4070473709557,456.8947452175305
1.3200000000000007,0.011042120984622907,-0.07477437757161126,11.953408320014852,6.233266872675529,6.254339715370989,0.0,0.06886285628255788,-0.25501628546430166,3.0638616177239832,-0.09542447244968923,-0.08222587279644995,0.0,473.9319051997685,473.7790763910131,475.2571350757039,472.97201057023415
1.3800000000000008,0.015829981174565255,-0.0911982691064531,12.141597268701497,6.22811662725508,6.249489915099904,0.0,0.09125223590906684,-0.29301121893438586,3.208653539027633,-0.07146004627200615,-0.07817659647487574,0.0,460.48683788278186,460.8020212823814,458.57082131154203,460.4644373512953
1.4400000000000008,0.02186592304017878,-0.10968515264868582,12.332656240819404,6.224042766233623,6.24499021074373,0.0,0.11031805669487209,-0.32355949858140337,3.160074793750078,-0.06158845972820975,-0.06929312078913444,0.0,397.6269837314811,398.43484256003285,397.64595165097205,398.54516832471325
1.5000000000000009,0.029443549818107092,-0.13056982510128784,12.529149912771942,6.2203566173567495,6.240934319779143,0.0,0.1427413005172787,-0.37300331929770375,3.3890046482646454,-0.061132394588322224,-0.06440875712758436,0.0,485.8009410129476,486.1640413127124,485.41396134297037,485.4458333672646
1.560000000000001,0.038979117570818296,-0.15438321434876467,12.737376607074902,6.217651834953548,6.237173387256604,0.0,0.17551371290747528,-0.42108653303965615,3.5513397741160424,-0.02429248411361787,-0.059436661364760834,0.0,467.5196626038265,467.90427879373345,466.02076779057836,468.8901727558782
1.620000000000001,0.05065513206476003,-0.18126195011552193,12.957263495444039,6.216329388290614,6.233448297841582,0.0,0.21409201844771483,-0.4749912645174731,3.77745406545996,-0.01788040625358385,-0.06798791658789037,0.0,487.6486530926205,487.00701733593013,487.1898300249197,487.66905907231836
1.680000000000001,0.06458160161707671,-0.21119677160315997,13.187593553831066,6.215100846789527,6.229144701385529,0.0,0.2505425973699381,-0.5229296385221124,3.8997559202569243,-0.02624943947360131,-0.08050507590605768,0.0,458.37302217938526,457.3732794460386,458.788562202469,458.1235843542119
1.740000000000001,0.08081265447902798,-0.2440646582523932,13.425670277932145,6.213676742719175,6.224531402260649,0.0,0.2909718970285515,-0.5727950232556226,4.035603639061763,-0.01912934399501909,-0.07049394462291513,0.0,463.5298915686981,464.31155243393573,462.2909951671877,462.8516810761287
1.8000000000000012,0.09947898254168287,-0.27985137313948877,13.67041647650038,6.212515558866066,6.220977264945974,0.0,0.33160261629638477,-0.6201905429377863,4.122240057865051,-0.019804265483321818,-0.04301822970190415,0.0,447.83400975697464,450.06080650704814,449.4987664775778,449.44411096978587
1.8600000000000012,0.12067345026493353,-0.3185328778257432,13.920730664695986,6.211217172105034,6.218521154375786,0.0,0.37511124625333486,-0.6692956366100974,4.221154745735014,-0.025589316418250418,-0.03706544247409609,0.0,453.0160399856911,453.49363507538203,454.5424056690925,454.078519776451
1.9200000000000013,0.14466055499670827,-0.36033497220380317,14.179005846616118,6.210661077343957,6.216235519943492,0.0,0.4246674298797841,-0.7241687158867836,4.38733957676822,0.011753008872326524,-0.040233990445527085,0.0,475.36019900432024,475.11671407524204,473.2756417124588,476.1413538757733
1.9800000000000013,0.17134020542709924,-0.4050783039841864,14.442325001522526,6.211368551648601,6.213914553984342,0.0,0.46485819697310193,-0.7672181387557103,4.389922940658991,0.011867587009773372,-0.03574872507290235,0.0,424.7746571797486,425.15834950203987,425.65165504725684,425.6613446536133
2.0400000000000014,0.2006690342924884,-0.45259663437490105,14.708628289712818,6.212204635527165,6.212141047062271,0.0,0.5129361298715969,-0.8166260541400135,4.48644226296908,0.01777781896242138,-0.019405612116338438,0.0,454.85708761864163,456.16386775885627,455.0275466601518,455.50036946882307
2.1000000000000014,0.2323936085331202,-0.502545741528407,14.973430497660306,6.213011889823431,6.210800408395526,0.0,0.5446683026060133,-0.8483296410628977,4.340848511246852,0.002983430552997022,-0.028984600000446205,0.0,375.0591564934793,374.1273661405886,374.63884751713636,373.19729045555215
2.1600000000000015,0.2665121439335693,-0.554844064451254,15.235958094584102,6.213411906308195,6.209391466325204,0.0,0.5927433728489331,-0.8949070131188545,4.409769597175292,0.013169570338882868,-0.014280775369392032,0.0,445.4892960802694,446.69001599824196,446.50423009448906,447.33445326230816
2.2200000000000015,0.3035321370898186,-0.6099214946351035,15.502521030214773,6.214743819416906,6.208205664810535,0.0,0.6413272370201624,-0.940891355792672,4.4753795279889905,0.03593591094123291,-0.033951947872213645,0.0,447.5107538991225,445.9064834359719,444.53320887801544,446.39509989689185
2.2800000000000016,0.3434481785587734,-0.6676888743298847,15.772418954841836,6.216678045074932,6.205687966697706,0.0,0.6893934868274055,-0.9844926266455759,4.521010291392906,0.023565888025141292,-0.06716890799167902,0.0,442.70584681498605,439.96260215929937,439.87137323094,438.84605873068665
2.3400000000000016,0.3862774611007433,-0.7280181996517707,16.044741072526488,6.219179693648943,6.20223054700757,0.0,0.7385744824586079,-1.026292201253683,4.556212032157941,0.06419092330218086,-0.043291274604902716,0.0,436.6297657284409,438.6149655697235,435.62782667600067,439.0129148324871
2.4000000000000017,0.43216700577537065,-0.7908432570079664,16.319786835723995,6.223114777295912,6.199978221044519,0.0,0.7912814358679437,-1.0675050413978513,4.611739627940638,0.06823474280083813,-0.02798788184418161,0.0,443.3042793114956,444.55942119482245,444.5304329318421,444.8648891094035
2.4600000000000017,0.48136949298514187,-0.8561458404364517,16.599496484435292,6.22776357108652,6.198761257787902,0.0,0.8489030577855605,-1.1087898075114782,4.711501253674755,0.09146439203369675,-0.008152377345563105,0.0,457.60950330601776,459.18590397258805,457.8537911406115,459.70281885518295
2.520000000000002,0.5337306685580221,-0.9236243082221693,16.881443959714826,6.233135540913203,6.197975995193351,0.0,0.8965203896536652,-1.1400639330401097,4.686865792508969,0.08536228659612112,-0.025451946343548127,0.0,420.5314259855922,419.0300995342499,419.6908812280257,419.1680452011992
2.580000000000002,0.5891873827524082,-0.9930217779646099,17.16452652210788,6.238201275812241,6.196656954366663,0.0,0.9521414515004848,-1.1727004397277045,4.748962912036667,0.08249491497773095,-0.01582166819582958,0.0,446.67615344127955,447.46089363908806,448.0431280016864,447.81569067424255
2.640000000000002,0.6482975369453488,-1.0644332380306234,17.454740588686462,6.242960135508774,6.196810797513516,0.0,1.0181492552299993,-1.2071181645442648,4.924102526383227,0.07204786080734897,0.025267311094838617,0.0,480.8453865513208,483.94844714777514,482.42374752215323,481.6386528701616
2.700000000000002,0.7109572726421078,-1.1376261769404856,17.75087974884262,6.247191612329269,6.198207284253865,0.0,1.0703535062397107,-1.2322740809654082,4.947128759621573,0.06729127377758896,0.018958518089856397,0.0,437.13620174522725,436.61015149675706,437.6766704761684,437.2844364286827
2.760000000000002,0.7769257831676999,-1.212340159633286,18.050801810853617,6.250964069406994,6.199180943382373,0.0,1.1284345396980486,-1.257792526107947,5.049839157990918,0.05212920011797667,0.010114365590229438,0.0,462.6708531681584,461.9738233273401,462.78292485928205,461.59042600877245
2.820000000000002,0.8462120446380618,-1.2884585949014837,18.355156976325006,6.2535472917545345,6.199396634546144,0.0,1.181031811341549,-1.2792161947777057,5.0951365207680075,0.010395135868432053,-0.014489794674233492,0.0,446.277100188039,444.26395378321445,447.19234536918134,443.7801389890719
2.880000000000002,0.918480670400102,-1.3657652210847508,18.66019385586296,6.253972391931871,6.198752378157485,0.0,1.2279783573656204,-1.2976386934343442,5.072837245876249,-0.0005301768644204448,-0.004128002675861696,0.0,423.11753475092803,424.008918060082,424.8527322390558,423.91470855677824
2.940000000000002,0.9932800115420032,-1.4440730500897525,18.960441580181396,6.253800107583489,6.198561755366775,0.0,1.2653826603596972,-1.3126547357673202,4.936014391439971,-0.008021869320441709,-0.00133981150191424,0.0,383.374062719194,383.6390098342308,384.6984331824942,383.9883059279656
3.000000000000002,1.0710052580210963,-1.5235241787716152,19.260531623801153,6.253458014007613,6.199046268746997,0.0,1.3253639866393445,-1.3357499576802359,5.066383671867162,-0.0014235514797402032,0.022263329431935222,0.0,468.57064247823934,470.40214553955775,471.3914922382674,471.90126464208237
3.0600000000000023,1.152281215025679,-1.6043585269985923,19.568101106157958,6.253302166673333,6.19992096170723,0.0,1.383643159687306,-1.3587333931724186,5.185380685348247,-0.005055360962884758,-0.008868349582845278,0.0,468.9322330756466,466.50725529050266,469.13795552687543,468.85588921974676
3.1200000000000023,1.237321905710191,-1.6866792128327646,19.886194197931005,6.252695275159521,6.199203208715705,0.0,1.4510106146739292,-1.3853160705562257,5.4165945852503565,-0.02288221785464599,-0.019007613935337262,0.0,502.56975423741244,501.8343534172559,502.44253823600076,501.14839005829225
3.1800000000000024,1.3261595419317336,-1.7705200527986644,20.215063693141815,6.251958095087456,6.198640184464725,0.0,1.5102558634464038,-1.4094711475642874,5.545048887858497,0.003225045695661042,0.005043542717371809,0.0,472.9237923015563,474.77308742927926,474.3409926120587,476.3420522038872
3.2400000000000024,1.4187497622692344,-1.855894329202741,20.55394029768281,6.251913577720622,6.199253229137323,0.0,1.575918453066815,-1.4363052375169567,5.749789358374666,-0.010172458860136579,0.018953020937117482,0.0,498.2548974459007,499.2707959294251,497.65338714576444,496.6716348123049
3.3000000000000025,1.5151020050910584,-1.9428270948746214,20.903252123747357,6.251252535841747,6.200192766247795,0.0,1.6356210037341408,-1.4615071053599036,5.893176410831711,-0.012763108654538976,0.008087191765839412,0.0,482.60148754822785,481.78038227894547,482.6365203928359,482.4410541200707
3.3600000000000025,1.6146163776966584,-2.031135559436302,21.256394238170927,6.250015523850511,6.200165004100441,0.0,1.6814772097314876,-1.4821959064031356,5.878279262712958,-0.04496120290934158,-0.02906672131950782,0.0,437.1716000098214,434.06409574170226,436.42619757599806,433.7296820000761
3.4200000000000026,1.7169381513537665,-2.1207353423565167,21.609268853129162,6.247221333611231,6.197957691204831,0.0,1.7293913909481042,-1.504704763597919,5.884100289169139,-0.04999738647601083,-0.060417298123631336,0.0,442.9759867906728,440.38899483867567,442.4179141826163,442.00166796299493
3.4800000000000026,1.8222675035802254,-2.211775122393597,21.963532059066647,6.24413148296863,6.194251142705546,0.0,1.781891251738659,-1.5302293613680678,5.924348074412206,-0.05467929294184993,-0.06464015047795611,0.0,452.57567696883484,452.2329216311459,453.8818051725022,453.5041725657017
3.5400000000000027,1.9311615728518325,-2.3045589100739305,22.32405388679176,6.240652013100856,6.190430476316882,0.0,1.8482401709504188,-1.5629026469275018,6.092005607267328,-0.06560697891962522,-0.06182016468393592,0.0,492.08806432209263,492.2942815147857,491.70381328922525,490.8914302063022
3.6000000000000028,2.043745072928004,-2.399211139768009,22.69062642388167,6.237368298785096,6.186697014766388,0.0,1.9048463190794411,-1.5924891121818006,6.126755274896968,-0.03891584895619104,-0.06304487313514584,0.0,454.70544067594136,454.6046042626909,452.61975272655405,454.7610670209641
3.660000000000003,2.1603120855769,-2.495942942292836,23.064610067556806,6.234909391945031,6.183361186018882,0.0,1.980998183209483,-1.6321344167311929,6.338042099553987,-0.045470531474937785,-0.04379486191209566,0.0,505.0658614650027,506.4507892260794,507.8637880526936,507.39268533583373
3.720000000000003,2.2813631065031745,-2.5950389629171027,23.44970038798657,6.232403573588783,6.18064249904927,0.0,2.0542096240019205,-1.671311795991252,6.497250754721789,-0.03522625867783816,-0.04853056187505657,0.0,494.74135232715395,494.3915116391403,494.04592347139385,494.8000616259648
3.780000000000003,2.4062867749660732,-2.696255328300816,23.838754417189016,6.23008703614798,6.177921997246688,0.0,2.110132992193933,-1.702762939658079,6.471253211525375,-0.046415863330172925,-0.039626500828368494,0.0,440.7044826081182,441.4388000597675,440.57058234453484,439.64342420468967
3.840000000000003,2.534418114201096,-2.799306862910198,24.224477199357636,6.227215680599887,6.175706059853139,0.0,2.1611019812236947,-1.732529050687355,6.386554425512035,-0.0509028207075012,-0.03202642054124581,0.0,421.4619953898283,422.11781287751916,420.881684247195,420.4915187272128
3.900000000000003,2.665675156294102,-2.9042112210396342,24.605485931721837,6.223987426209796,6.1738669726208,0.0,2.2142850319874117,-1.7645493436612538,6.314041329982238,-0.06034806453109517,-0.028034780121448957,0.0,423.3506746734737,423.69371907717306,425.8360671475898,425.0250309278718
3.960000000000003,2.8000786493265513,-3.011053635801966,24.981533751055906,6.219989321828239,6.1721194561742685,0.0,2.2659762233755547,-1.7971746066388192,6.221295975065669,-0.0837742355981939,-0.03140027116150008,0.0,417.0768907545316,416.7824597984031,418.10077650382505,416.05033430474987
4.020000000000002,2.938333798974066,-3.120335103017613,25.358518767653155,6.215570855356093,6.170043481776322,0.0,2.342614849800762,-1.8459846504445376,6.34399986723015,-0.058646233095609165,-0.041918676475690794,0.0,484.49547273924816,483.70341818533444,482.79676456435044,484.6853474932347
4.080000000000001,3.080580360153262,-3.2322486124660537,25.73719123923741,6.211861658087294,6.167539085280838,0.0,2.3991338021745,-1.8847736195428304,6.278646236574766,-0.06906957622453785,-0.041384945121970114,0.0,427.02721549378833,427.07174485671834,427.8339457714185,426.9423631197969
4.14,3.2259535367190213,-3.3463675512297284,26.10939084938238,6.207959404400361,6.16548717201268,0.0,2.4468401951340155,-1.9195168123226332,6.128723148240728,-0.05799857335903615,-0.022728955600518734,0.0,396.36425568928144,398.0748733716021,397.5389110112984,398.54865605173427
4.199999999999998,3.3749540219542675,-3.463102490063012,26.478893665852844,6.2040588440431605,6.165342713285515,0.0,2.519806125869251,-1.9719766712583118,6.187569870521875,-0.08517767462219449,0.021749360557525486,0.0,463.14115055697147,466.6270941978313,465.6468797000263,463.5121446379364
4.259999999999997,3.5282631940018034,-3.583032488605257,26.85146406766855,6.199190387416884,6.167255465477401,0.0,2.5902498371128346,-2.0261411885731557,6.231082560029994,-0.07409557198184333,0.04687514690501762,0.0,459.8785360954707,461.8652071599751,460.61807040573916,461.4887257795218
4.319999999999996,3.685548520599251,-3.70616054969849,27.224939291762634,6.19500444081153,6.16990699675064,0.0,2.6523003809137373,-2.078512516237215,6.218088587030701,-0.06227479050613376,0.038200976959743206,0.0,444.3426311052864,443.63188385227835,443.43582661825405,444.4022786119639
4.379999999999995,3.8467897458101237,-3.832732136274463,27.60018295154025,6.191297091945302,6.172819903209607,0.0,2.722030402211558,-2.1408827460761333,6.289542225356241,-0.06083555770008711,0.06378390045125386,0.0,468.8800332355925,470.86501122063885,470.4373080730138,470.54625581705267
4.439999999999993,4.01177575182081,-3.9628193809241608,27.97643401769936,6.187651295701954,6.177194742241845,0.0,2.7771119436173017,-2.1956973758271197,6.252335315437851,-0.06061915154227468,0.08676481544924645,0.0,436.65889718503456,438.57634959673663,436.7152961868433,436.7306560926838
4.499999999999992,4.180262711932255,-4.096522692622315,28.35316600383362,6.1836643491390255,6.181953358146256,0.0,2.8385255969265843,-2.2614320837132125,6.305061209308792,-0.08186255823066504,0.05705932054379115,0.0,465.4241492921344,463.0973233354371,466.7216569135435,465.0570582718808
4.559999999999991,4.352114697770225,-4.234038380601473,28.730895436930634,6.1785492775820146,6.185319686798259,0.0,2.8895248283317927,-2.322873212525122,6.2859451271838624,-0.09307023518109997,0.05412692483031785,0.0,444.0848871674654,443.84636463447646,443.28459580094824,442.35634010364777
4.6199999999999894,4.52772479474323,-4.376164163554186,29.115309247323808,6.173769182980298,6.188760854888706,0.0,2.963517830056201,-2.4151429029626805,6.526303584522973,-0.06129268701589557,0.06312710962060158,0.0,518.7346429330269,519.368125975315,519.5454318201986,521.7646248580585
4.679999999999988,4.707082736517913,-4.523254100582679,29.50790626032286,6.170608755569457,6.192635036231991,0.0,3.014631115041407,-2.4881723716663515,6.559997665301407,-0.03942613631878081,0.0673078634466904,0.0,464.0670184870287,464.39800958973507,461.0374492541614,462.76050422955444
4.739999999999987,4.889318908039434,-4.674662268642134,29.901412173671215,6.1679034125560666,6.19627571082798,0.0,3.059496798173308,-2.5590216571466273,6.556843910645061,-0.05990565731825113,0.042151494959472326,0.0,454.0793642162244,452.0586569236696,452.0528927279068,450.3979094503982
4.799999999999986,5.074466708485213,-4.830770951940151,30.29807660842447,6.164098366832349,6.198642197315481,0.0,3.1117180715799737,-2.6449306144174187,6.664529107872435,-0.07157142234714674,0.033381903430040744,0.0,486.3523910977428,485.6955963801429,486.0857929794552,485.20797619651887
4.859999999999984,5.262501444820962,-4.991859674028485,30.699006266289466,6.160079482158178,6.201282958595275,0.0,3.155801214332341,-2.7250752419158544,6.699451459262964,-0.05910140789304789,0.05955906246683486,0.0,463.8545607947318,465.9071937023165,465.95337796299566,466.92430512972214
4.919999999999983,5.452787094050233,-5.1573422208476,31.098041059789796,6.156515568299078,6.205064813458328,0.0,3.1867612969732324,-2.791379789104489,6.602240916161928,-0.0599993344763917,0.06919746311353182,0.0,424.18254584563374,425.01274719272044,423.65200810293464,423.57210517362597
4.979999999999982,5.645084337167994,-5.327233754395702,31.494123371142926,6.1527207192463145,6.208794173444261,0.0,3.2227242513598595,-2.872031258963046,6.600431553766347,-0.07069347419215803,0.041847619757684175,0.0,454.82531467402214,452.63151510621714,454.43846582668607,453.57734738953417
5.0399999999999805,5.839515427016255,-5.502130405127759,31.89075817559058,6.148378602319234,6.2115673558166655,0.0,3.257998300027129,-2.9582592928349607,6.620468530335754,-0.0759469728880976,0.05377574201805971,0.0,460.1555944337812,461.10028627714865,461.3137457902829,460.8947650667746
